4294967278,372
22,327
4294967279,440
4294967278,371
4294967278,370
4294967278,369
4294967279,439
4294967278,368
22,326
4294967278,367
4294967278,366
4294967294,1440
79,8
79,7
79,6
79,5
79,4
79,3
79,2
79,1
4294967294,1439
4294967294,1428
78,6
78,5
78,4
78,3
78,2
78,1
4294967278,365
77,4
77,3
77,2
77,1
76,4
76,3
76,2
76,1
75,6
75,5
75,4
75,3
75,2
75,1
74,5
74,4
74,3
74,2
74,1
4294967294,480
73,5
73,4
73,3
73,2
73,1
72,6
72,5
72,4
72,3
72,2
72,1
71,5
71,4
71,3
71,2
71,1
70,6
70,5
70,4
70,3
70,2
70,1
69,5
69,4
69,3
69,2
69,1
4294967278,364
4294967294,1438
68,8
68,7
68,6
68,5
68,4
68,3
68,2
68,1
4294967278,363
4294967294,1437
67,5
67,4
67,3
67,2
67,1
66,6
66,5
66,4
66,3
66,2
66,1
65,5
65,4
65,3
65,2
65,1
4294967294,479
64,5
64,4
64,3
64,2
64,1
63,4
63,3
63,2
63,1
62,5
62,4
62,3
62,2
62,1
61,11
61,10
61,9
61,8
61,7
61,6
61,5
61,4
61,3
61,2
61,1
4294967294,1436
60,5
60,4
60,3
60,2
60,1
59,5
59,4
59,3
59,2
59,1
58,6
58,5
58,4
58,3
58,2
58,1
4294967294,1435
4294967294,1429
4294967294,1434
57,11
57,10
57,9
57,8
57,7
57,6
57,5
57,4
57,3
57,2
57,1
4294967294,478
56,6
56,5
56,4
56,3
56,2
56,1
55,7
55,6
55,5
55,4
55,3
55,2
55,1
54,8
54,7
54,6
54,5
54,4
54,3
54,2
54,1
53,6
53,5
53,4
53,3
53,2
53,1
4294967279,438
52,6
52,5
52,4
52,3
52,2
52,1
51,8
51,7
51,6
51,5
51,4
51,3
51,2
51,1
50,6
50,5
50,4
50,3
50,2
50,1
4294967294,1433
4294967294,419
49,6
49,5
49,4
49,3
49,2
49,1
4294967294,477
48,4
48,3
48,2
48,1
4294967278,362
47,7
47,6
47,5
4294967278,361
47,4
47,3
47,2
47,1
4294967279,437
46,7
46,6
46,5
46,4
46,3
46,2
46,1
4294967294,476
4294967294,1432
45,7
45,6
45,5
45,4
45,3
45,2
45,1
4294967279,436
44,6
44,5
44,4
44,3
44,2
44,1
4294967279,435
43,4
43,3
43,2
43,1
4294967294,1431
4294967294,1019
42,4
42,3
42,2
42,1
41,4
41,3
41,2
41,1
40,4
40,3
40,2
40,1
4294967279,434
39,4
39,3
39,2
39,1
4294967294,1430
4294967294,475
38,9
38,8
38,7
38,6
38,5
38,4
38,3
38,2
38,1
4294967278,360
4294967294,1422
37,6
37,5
37,4
37,3
37,2
37,1
4294967294,430
36,6
36,5
36,4
36,3
36,2
36,1
35,4
35,3
35,2
35,1
34,6
34,5
34,4
34,3
34,2
34,1
33,7
33,6
33,5
33,4
33,3
33,2
33,1
32,6
32,5
32,4
32,3
32,2
32,1
31,6
31,5
31,4
31,3
31,2
31,1
4294967294,1427
30,6
30,5
30,4
30,3
30,2
30,1
4294967294,1426
29,6
29,5
29,4
29,3
29,2
29,1
4294967279,433
28,6
28,5
28,4
28,3
28,2
28,1
4294967294,1425
27,6
27,5
27,4
27,3
27,2
27,1
4294967279,432
4294967278,359
4294967279,431
26,6
26,5
26,4
26,3
26,2
26,1
4294967278,358
25,5
25,4
25,3
25,2
25,1
24,35
24,34
24,33
24,32
24,31
24,30
24,29
24,28
24,27
24,26
24,25
24,24
24,23
24,22
24,21
24,20
24,19
24,18
24,17
24,16
24,15
24,14
24,13
24,12
24,11
24,10
24,9
24,8
24,7
24,6
24,5
24,4
24,3
24,2
24,1
4294967294,473
4294967294,989
4294967294,988
23,97
23,96
23,95
23,94
23,93
23,92
23,91
23,90
23,89
23,44
23,16
23,88
23,87
23,86
23,85
23,84
23,43
23,83
23,17
23,82
23,81
23,80
23,79
23,78
23,77
23,76
23,75
23,74
23,73
23,72
23,71
23,42
23,41
23,5
23,70
23,69
23,68
23,67
23,66
23,65
23,64
23,40
23,39
23,38
23,37
23,36
23,35
23,34
23,33
23,32
23,31
23,30
23,29
23,28
23,27
23,26
23,25
23,24
23,23
23,22
23,21
23,20
23,19
23,18
23,6
23,15
23,14
23,13
23,12
23,11
23,10
23,9
23,8
23,7
4294967294,1424
4294967294,1423
23,4
23,3
23,2
23,1
4294967279,430
22,325
22,324
22,323
22,322
22,321
22,320
22,319
22,318
22,317
22,316
22,315
22,314
22,313
22,312
22,311
22,310
22,309
22,308
22,307
22,306
22,305
22,304
22,303
